─────────────────────────────────────────────────────────────────────────────────────────────────────────────
Language                              Files     Lines   Blanks  Comments     Code Complexity Complexity/Lines
─────────────────────────────────────────────────────────────────────────────────────────────────────────────
Solidity                                  9       674      109        78      487         93           152.31
─────────────────────────────────────────────────────────────────────────────────────────────────────────────
src/core/SourceCore.sol                           122       14        10       98         14            14.29
src/core/SourceCoreStorage.sol                    108       22        12       74         19            25.68
src/core/TargetCore.sol                            70        9         6       55         10            18.18
src/core/TargetCoreStorage.sol                     90       19        11       60         19            31.67
src/oft/MellowOFT.sol                              16        3         2       11          0             0.00
src/oft/MellowOFTAdapter.sol                       44        7         5       32          6            18.75
src/utils/Delegator.sol                            44        8         5       31          6            19.35
src/utils/Oracle.sol                               54        9        10       35          2             5.71
src/utils/WithdrawalQueue.sol                     126       18        17       91         17            18.68
─────────────────────────────────────────────────────────────────────────────────────────────────────────────
Total                                     9       674      109        78      487         93           152.31
─────────────────────────────────────────────────────────────────────────────────────────────────────────────
Processed 22727 bytes, 0.023 megabytes (SI)
─────────────────────────────────────────────────────────────────────────────────────────────────────────────

